49499.00
495.00
503.00
498.00
498.00
499.00
496.00
498.00
500.00
499.00
499.00
499.00
498.00
504.00
498.00
498.00
499.00
495.00
499.00
501.00
495.00
499.00
501.00
498.00
503.00
500.00
499.00
503.00
497.00
499.00
501.00
495.00
498.00
501.00
499.00
504.00
500.00
498.00
500.00
496.00
498.00
500.00
496.00
499.00
500.00
498.00
504.00
498.00
498.00
500.00
496.00
498.00
500.00
498.00
499.00
499.00
498.00
505.00
498.00
498.00
500.00
495.00
499.00
501.00
498.00
499.00
499.00
498.00
505.00
498.00
498.00
500.00
494.00
498.00
500.00
499.00
499.00
500.00
498.00
505.00
497.00
498.00
500.00
494.00
498.00
500.00
499.00
500.00
499.00
498.00
504.00
496.00
498.00
500.00
495.00
499.00
500.00
498.00
500.00
499.00
498.00
503.00
495.00
499.00
500.00
495.00
498.00
500.00
498.00
503.00
499.00
498.00
501.00
496.00
499.00
500.00
495.00
498.00
500.00
498.00
504.00
499.00
498.00
500.00
495.00
499.00
500.00
497.00
498.00
501.00
499.00
504.00
498.00
498.00
500.00
495.00
499.00
500.00
498.00
498.00
500.00
498.00
505.00
498.00
497.00
500.00
495.00
498.00
501.00
499.00
498.00
499.00
498.00
505.00
497.00
498.00
500.00
494.00
498.00
500.00
498.00
499.00
499.00
498.00
504.00
498.00
498.00
500.00
494.00
499.00
500.00
498.00
499.00
498.00
498.00
504.00
497.00
497.00
499.00
494.00
498.00
501.00
498.00
501.00
499.00
498.00
503.00
495.00
498.00
499.00
494.00
499.00
500.00
498.00
502.00
499.00
498.00
501.00
496.00
498.00
500.00
495.00
498.00
500.00
498.00
504.00
499.00
498.00
500.00
496.00
497.00
500.00
495.00
497.00
500.00
498.00
504.00
499.00
498.00
499.00
496.00
498.00
500.00
497.00
498.00
500.00
499.00
504.00
498.00
498.00
499.00
495.00
498.00
500.00
498.00
498.00
499.00
498.00
505.00
497.00
498.00
500.00
495.00
498.00
500.00
499.00
499.00
499.00
498.00
505.00
496.00
498.00
501.00
495.00
498.00
500.00
498.00
499.00
499.00
499.00
504.00
497.00
498.00
500.00
495.00
498.00
501.00
499.00
501.00
499.00
497.00
503.00
496.00
498.00
500.00
494.00
498.00
500.00
499.00
502.00
499.00
497.00
501.00
495.00
499.00
499.00
495.00
498.00
500.00
498.00
504.00
499.00
498.00
501.00
494.00
499.00
500.00
496.00
498.00
501.00
498.00
504.00
498.00
499.00
500.00
496.00
498.00
500.00
498.00
498.00
500.00
498.00
506.00
497.00
498.00
500.00
495.00
498.00
500.00
499.00
498.00
499.00
498.00
505.00
497.00
498.00
500.00
495.00
498.00
501.00
498.00
500.00
499.00
498.00
504.00
497.00
498.00
500.00
495.00
498.00
501.00
498.00
500.00
499.00
498.00
504.00
497.00
498.00
499.00
494.00
498.00
501.00
498.00
501.00
500.00
498.00
503.00
496.00
498.00
501.00
494.00
499.00
500.00
498.00
503.00
498.00
497.00
501.00
495.00
498.00
499.00
494.00
497.00
501.00
497.00
504.00
499.00
498.00
500.00
496.00
499.00
499.00
496.00
498.00
500.00
498.00
504.00
498.00
498.00
500.00
495.00
498.00
500.00
498.00
498.00
499.00
498.00
505.00
498.00
497.00
500.00
495.00
498.00
500.00
499.00
499.00
500.00
498.00
505.00
497.00
498.00
499.00
494.00
498.00
501.00
497.00
498.00
499.00
498.00
504.00
497.00
498.00
500.00
495.00
498.00
501.00
498.00
499.00
499.00
498.00
505.00
496.00
498.00
500.00
494.00
497.00
500.00
498.00
501.00
500.00
498.00
504.00
496.00
498.00
500.00
494.00
498.00
501.00
498.00
503.00
499.00
497.00
501.00
495.00
498.00
500.00
496.00
498.00
500.00
499.00
505.00
499.00
497.00
500.00
496.00
499.00
500.00
496.00
498.00
501.00
498.00
504.00
497.00
498.00
500.00
495.00
498.00
500.00
498.00
498.00
499.00
498.00
505.00
499.00
498.00
499.00
495.00
498.00
501.00
498.00
498.00
499.00
498.00
504.00
497.00
498.00
499.00
494.00
498.00
500.00
498.00
499.00
500.00
498.00
505.00
497.00
499.00
500.00
495.00
499.00
501.00
498.00
500.00
499.00
498.00
504.00
496.00
498.00
500.00
494.00
498.00
500.00
498.00
501.00
499.00
498.00
503.00
495.00
499.00
500.00
494.00
498.00
500.00
498.00
503.00
500.00
498.00
501.00
496.00
498.00
499.00
495.00
498.00
500.00
499.00
504.00
499.00
498.00
500.00
495.00
498.00
500.00
496.00
498.00
500.00
498.00
504.00
498.00
497.00
500.00
495.00
498.00
500.00
498.00
499.00
500.00
499.00
504.00
497.00
499.00
500.00
495.00
498.00
501.00
499.00
499.00
499.00
499.00
505.00
497.00
499.00
500.00
494.00
498.00
501.00
499.00
499.00
499.00
498.00
505.00
497.00
498.00
500.00
495.00
498.00
500.00
499.00
500.00
499.00
497.00
504.00
496.00
498.00
501.00
494.00
499.00
501.00
498.00
501.00
499.00
498.00
502.00
495.00
498.00
500.00
494.00
498.00
500.00
498.00
503.00
499.00
498.00
501.00
496.00
498.00
499.00
494.00
498.00
500.00
498.00
504.00
499.00
498.00
500.00
495.00
498.00
500.00
497.00
498.00
500.00
498.00
504.00
498.00
499.00
500.00
494.00
498.00
500.00
498.00
498.00
499.00
498.00
505.00
498.00
497.00
500.00
495.00
498.00
500.00
498.00
498.00
499.00
498.00
504.00
497.00
498.00
500.00
495.00
499.00
500.00
498.00
499.00
500.00
498.00
505.00
498.00
498.00
500.00
494.00
498.00
500.00
498.00
500.00
499.00
498.00
503.00
495.00
497.00
500.00
494.00
499.00
500.00
498.00
502.00
499.00
498.00
501.00
496.00
498.00
500.00
495.00
498.00
499.00
499.00
504.00
499.00
498.00
500.00
495.00
499.00
500.00
496.00
498.00
500.00
498.00
504.00
498.00
498.00
499.00
495.00
498.00
499.00
497.00
498.00
500.00
498.00
505.00
498.00
498.00
500.00
495.00
498.00
500.00
498.00
499.00
501.00
498.00
505.00
497.00
498.00
500.00
494.00
499.00
500.00
498.00
498.00
499.00
499.00
504.00
497.00
499.00
499.00
495.00
498.00
501.00
498.00
499.00
499.00
498.00
503.00
496.00
498.00
500.00
495.00
498.00
500.00
498.00
502.00
500.00
498.00
504.00
496.00
498.00
500.00
494.00
498.00
501.00
498.00
502.00
498.00
498.00
501.00
495.00
499.00
500.00
495.00
498.00
500.00
498.00
504.00
498.00
498.00
500.00
496.00
498.00
500.00
496.00
498.00
501.00
498.00
505.00
498.00
499.00
500.00
496.00
498.00
500.00
499.00
498.00
499.00
498.00
505.00
498.00
498.00
500.00
495.00
498.00
500.00
497.00
499.00
499.00
499.00
505.00
497.00
497.00
499.00
495.00
498.00
500.00
498.00
499.00
499.00
498.00
504.00
497.00
498.00
500.00
495.00
499.00
501.00
498.00
501.00
499.00
498.00
504.00
496.00
499.00
499.00
493.00
499.00
497.00
497.00
498.00
497.00
497.00
495.00
496.00
492.00
496.00
487.00
496.00
499.00
496.00
504.00
496.00
499.00
502.00
496.00
502.00
507.00
477.00
476.00
530.00
488.00
560.00
508.00
485.00
518.00
459.00
482.00
521.00
459.00
467.00
532.00
489.00
569.00
513.00
486.00
509.00
450.00
486.00
524.00
490.00
463.00
528.00
488.00
589.00
500.00
485.00
509.00
444.00
477.00
528.00
489.00
462.00
527.00
493.00
599.00
494.00
477.00
517.00
429.00
470.00
530.00
487.00
462.00
526.00
480.00
617.00
490.00
473.00
516.00
409.00
467.00
535.00
482.00
475.00
520.00
479.00
601.00
457.00
481.00
518.00
400.00
469.00
534.00
484.00
515.00
525.00
480.00
567.00
460.00
485.00
519.00
393.00
461.00
536.00
485.00
568.00
520.00
475.00
525.00
451.00
481.00
526.00
358.00
989.00
417.00
509.00
989.00
119.00
512.00
604.00
113.00
633.00
617.00
521.00
989.00
157.00
529.00
989.00
103.00
521.00
608.00
98.00
689.00
619.00
520.00
989.00
96.00
513.00
989.00
91.00
518.00
595.00
86.00
882.00
576.00
511.00
989.00
86.00
496.00
764.00
82.00
544.00
590.00
77.00
989.00
506.00
511.00
989.00
76.00
490.00
601.00
74.00
561.00
588.00
397.00
989.00
391.00
501.00
989.00
72.00
493.00
581.00
68.00
625.00
588.00
499.00
989.00
68.00
488.00
989.00
66.00
506.00
563